id;Дата;Заголовок;Текст
0;20-02-2023 11:22;Старт;Стартанули, да ещё как
2;20-02-2023 11:29;Тест;Тестируем дальше
